0:83,125,0,1568,125,85,1568,125,155,1573,125,225,1563,130,300,1078,130,365,1088,135,445,578,135,535,578,130,615,10
1:63,125,765,1568,125,830,1573,125,900,1583,125,975,1578,125,1060,1573,125,1140,15
2:83,125,0,170103,125,85,170168,125,190,170103,140,360,15598,120,465,17598,95,565,200
3:83,120,725,15583,115,810,16088,105,895,17098,95,985,180123,85,1085,190
4:53,120,20,33563,105,75,35068,140,140,315133,90,210,365133,80,345,375103,95,480,360
5:
6:68,125,785,28573,115,855,29578,110,930,30078,105,1010,30593,105,1090,30588,115,1185,295
7:83,125,15,47588,110,100,49058,110,190,49078,110,250,490123,90,330,510113,80,455,520108,80,570,520
8:83,75,790,43593,50,875,46063,30,970,480
9:68,125,1145,45058,125,1215,450
10:63,75,120,62588,80,185,62083,80,275,62083,80,360,620
11:73,75,550,625
12:33,40,650,620
13:
